30 2 33
44 0 7
36 34 0
32 4 23
24 47 10
16 28 15
18 49 43
33 21 9
9 6 3
7 47 20
16 4 21
27 19 33
35 5 35
11 28 27
33 5 6
9 13 36
0 31 22
22 18 7
24 47 31
24 35 44
3 29 36
30 15 0
1 47 28
27 31 22
29 7 20
15 49 15
2 49 42
16 7 15
48 44 35
14 2 22
1 10 20
41 7 49
40 3 39
6 8 16
8 22 0
49 42 11
36 8 47
15 22 35
1 37 21
20 31 21
14 37 44
5 25 21
1 37 49
21 24 46
26 46 41
26 8 34
15 48 1
24 27 44
25 35 38
35 40 19
27 20 21
18 41 21
21 3 47
29 47 5
11 15 33
0 39 26
43 25 29
37 5 33
20 39 9
0 30 40
32 16 47
29 43 4
25 8 4
20 4 4
37 36 0
45 13 12
10 24 45
12 41 15
40 40 14
38 47 2
11 20 23
7 46 31
8 31 22
29 25 31
21 23 20
24 0 18
32 24 26
46 40 5
44 20 25
32 39 3
39 37 10
2 8 34
31 29 40
19 37 32
40 30 49
14 40 17
44 16 39
45 5 23
25 15 29
17 13 25
6 26 42
18 39 38
21 19 15
36 42 20
28 13 36
44 6 9
6 29 30
7 37 22
13 43 31
36 26 43
4 13 16
15 13 11
39 21 41
10 43 20
2 7 23
18 17 42
37 31 9
20 11 33
44 48 38
19 5 45
7 34 43
22 32 28
3 13 49
24 4 34
18 45 36
10 5 29
48 44 26
38 49 44
34 34 2
33 20 14
23 20 16
45 3 8
26 30 25
45 15 4
42 12 27
24 1 15
46 34 43
8 20 11
19 18 35
49 38 47
26 20 42
35 1 33
18 23 42
27 33 25
3 3 29
22 45 36
16 9 32
36 36 35
21 14 49
5 26 35
23 27 42
27 19 44
11 7 10
44 6 28
23 19 0
17 4 17
31 47 22
48 32 28
15 39 33
6 13 37
33 13 47
7 3 6
33 26 34
34 10 37
25 22 3
4 13 16
35 3 9
32 23 28
12 25 44
13 12 29
10 4 44
23 10 42
31 16 15
44 34 28
32 46 36
34 22 10
25 10 26
16 21 9
27 1 39
18 44 28
11 19 13
4 24 6
43 2 12
10 23 46
1 40 18
30 49 26
42 27 2
34 37 2
3 43 32
34 45 8
3 12 21
37 32 14
15 28 22
30 41 20
47 15 37
29 15 31
40 47 1
12 26 17
25 27 32
11 1 30
23 8 6
3 6 10
25 13 7
4 15 21
4 11 35
32 36 22
14 24 28
1 43 48
7 40 36
3 11 5
32 4 26
42 6 33
14 44 8
27 3 2
23 36 31
30 8 14
31 43 41
10 46 27
2 22 14
7 46 16
23 21 1
2 21 10
44 12 5
2 18 42
13 37 20
26 27 7
16 27 32
22 22 18
14 22 7
49 40 33
18 6 48
42 3 31
0 21 14
21 35 46
8 29 25
49 47 8
6 26 44
7 40 19
34 0 49
33 38 49
3 45 21
21 34 11
43 20 34
38 25 6
42 45 41
35 14 43
43 15 25
48 42 14
39 10 16
28 8 2
32 16 33
15 17 40
24 36 44
13 5 26
24 18 0
38 15 44
27 48 36
6 40 22
24 4 2
7 32 23
45 15 12
31 6 9
23 26 28
1 11 27
48 29 10
48 24 23
13 1 45
21 1 9
15 25 26
10 41 13
37 16 4
20 18 40
13 43 12
41 14 38
16 26 36
9 8 10
12 25 30
28 44 31
27 24 13
2 15 30
32 13 35
14 13 45
22 27 11
20 34 31
11 22 36
7 4 24
22 6 17
16 47 15
33 9 22
23 43 43
26 11 27
32 8 1
2 2 13
41 36 30
48 42 40
49 17 21
44 20 19
39 29 9
13 16 15
20 31 3
23 49 34
17 43 23
3 28 14
35 5 2
10 31 19
36 17 5
24 34 41
0 29 23
24 36 31
18 19 42
36 32 20
9 18 37
46 30 48
17 45 38
7 9 14
17 28 48
39 26 48
10 45 47
12 22 20
11 43 7
42 35 9
21 49 23
31 0 12
31 40 36
6 7 38
3 43 19
8 6 7
32 28 42
43 25 36
23 47 46
17 35 37
41 25 10
29 35 9
41 35 27
36 7 35
12 3 38
8 8 29
0 2 36
49 9 6
16 28 23
37 8 3
16 14 5
49 14 32
28 23 7
10 17 21
29 45 20
7 31 21
48 14 38
16 17 32
0 42 15
4 12 7
36 4 27
24 20 43
30 12 39
6 30 34
21 40 35
15 19 14
35 9 47
1 38 43
14 49 47
23 49 22
16 24 11
0 23 13
44 5 25
27 26 18
32 41 34
3 45 27
46 34 23
1 18 2
9 34 15
33 10 21
46 7 13
16 39 6
23 21 16
21 21 14
39 8 32
29 18 47
9 10 3
20 26 14
49 15 5
8 40 38
48 10 44
3 30 19
4 16 2
27 30 23
10 25 13
9 12 9
19 30 16
18 23 0
17 26 31
48 17 24
0 14 30
27 23 10
19 35 27
13 24 2
44 32 29
30 9 1
1 40 3
45 38 10
22 29 36
44 35 4
38 5 48
28 26 15
43 32 1
2 39 26
32 6 5
13 23 41
20 37 16
29 47 27
20 5 25
19 5 43
24 24 49
22 25 18
4 16 5
13 36 27
0 49 0
26 13 32
5 8 6
45 24 48
38 8 8
20 7 21
40 23 26
7 27 15
27 9 31
36 9 6
35 6 1
39 29 47
27 44 41
43 14 47
37 29 0
1 34 16
10 33 9
34 23 12
0 42 21
35 49 4
1 18 48
0 9 17
47 48 28
10 43 12
29 46 9
29 19 48
14 26 24
14 26 26
46 1 32
38 39 36
25 41 45
37 41 45
48 37 19
33 4 36
38 49 39
47 5 27
3 20 23
23 20 22
29 37 41
21 3 8
34 8 9
41 35 1
16 41 4
13 30 32
28 31 21
38 26 27
37 49 46
5 35 18
13 2 21
22 8 4
4 27 33
11 48 45
26 46 14
37 30 13
22 39 40
40 44 39
0 41 11
14 34 3
12 28 22
41 27 32
30 44 33
49 9 3
48 17 32
26 11 29
12 49 19
32 33 46
27 23 8
31 21 17
43 39 42
30 49 19
22 35 18
32 6 35
29 22 30
36 41 26
7 24 29
31 1 34
33 29 45
26 13 4
23 49 22
16 6 19
10 18 18
12 3 26
10 30 42
34 2 11
16 41 32
32 24 47
37 12 37
8 47 19
24 45 22
14 8 7
13 13 16
10 26 23
8 44 20
3 21 20
41 49 26
33 10 22
21 41 25
25 28 43
32 2 20
48 37 7
4 45 22
35 20 39
45 5 15
8 23 29
26 34 41
16 16 48
42 40 34
49 43 17
32 38 35
22 27 23
2 9 6
13 49 25
48 6 28
37 38 4
7 12 17
45 48 44
2 15 36
22 5 47
22 4 2
4 3 32
3 22 27
41 6 14
22 13 35
15 18 10
19 5 1
29 42 30
0 36 39
40 19 12
37 30 4
9 40 44
22 43 2
45 33 15
27 15 6
3 22 35
8 37 46
25 2 0
45 42 11
22 4 17
43 13 3
15 4 25
9 13 23
40 43 24
7 24 21
35 2 27
23 46 13
3 32 32
15 11 27
3 14 47
33 0 39
35 2 20
12 11 10
30 43 9
12 18 44
22 18 28
29 9 39
33 48 7
3 39 30
21 49 43
48 5 49
25 6 42
35 22 22
0 23 41
17 43 3
3 41 13
38 43 42
49 24 4
7 0 2
31 31 12
39 40 12
16 32 37
10 36 11
1 37 46
6 28 35
48 16 5
4 0 48
17 33 6
0 49 31
44 18 6
40 4 40
9 10 32
28 0 11
16 43 5
2 36 5
46 42 46
18 8 33
47 26 31
13 22 7
6 16 32
6 15 17
4 11 33
5 46 17
2 20 16
43 38 6
43 15 46
0 4 6
34 25 10
23 42 27
8 45 37
24 22 34
28 9 27
37 47 24
22 41 45
28 16 38
17 3 38
24 20 7
11 5 11
26 21 39
7 31 18
6 46 0
29 27 47
32 15 28
28 5 17
21 27 13
10 6 9
21 5 39
38 33 25
30 13 16
22 2 37
37 29 15
6 16 44
45 48 38
40 35 37
9 46 15
39 40 28
48 15 15
30 35 26
29 17 12
25 49 14
31 9 13
40 41 25
2 15 10
18 15 7
21 31 20
1 28 37
9 40 23
38 23 37
22 7 44
39 26 49
31 19 49
23 9 25
24 18 4
39 37 24
17 29 49
8 8 4
5 27 38
24 16 8
40 42 36
26 18 33
31 13 38
11 37 46
7 47 22
45 27 10
32 19 3
48 20 44
37 13 48
39 33 48
10 6 3
40 32 16
39 47 49
21 8 24
35 5 42
3 0 11
32 10 0
28 42 46
4 42 22
42 38 5
34 41 29
40 0 31
42 17 14
5 6 30
10 11 11
29 13 15
1 33 12
37 7 23
48 32 14
7 35 40
44 47 8
44 36 16
44 45 4
10 11 33
46 26 4
20 18 30
35 25 29
6 40 5
42 47 34
5 41 18
16 35 31
24 11 9
21 15 25
44 34 17
10 41 22
29 41 30
19 28 14
33 22 10
11 37 6
3 1 39
32 38 4
36 44 25
2 21 15
44 48 2
5 40 40
11 46 49
32 13 5
4 36 12
3 32 12
20 12 23
2 17 13
35 12 46
13 23 46
46 27 19
14 24 29
12 28 31
19 49 40
7 21 38
33 28 2
41 33 11
12 31 8
41 42 30
38 19 28
44 48 23
2 35 36
35 39 11
32 41 4
31 0 13
32 44 46
25 1 34
43 22 39
35 33 45
11 23 31
48 23 8
3 25 1
17 5 36
2 48 38
41 8 42
7 31 30
45 8 48
34 12 18
44 1 26
33 17 1
40 24 16
29 33 17
45 27 25
11 15 38
10 23 3
45 1 13
47 27 2
15 15 14
33 14 10
40 9 24
24 34 38
34 11 23
22 11 24
25 12 4
4 34 43
9 24 39
14 48 49
12 35 39
49 24 9
1 45 19
6 4 18
0 36 30
0 25 11
29 22 40
39 22 15
48 10 31
20 23 39
21 25 10
25 12 48
49 35 36
14 21 15
4 18 7
35 4 47
12 9 49
28 35 25
9 23 12
23 1 14
28 30 22
30 34 28
7 25 24
32 0 39
24 14 1
24 34 3
7 12 6
33 8 13
40 42 40
34 16 38
35 25 34
22 36 40
43 24 33
29 28 28
22 30 8
10 3 20
24 35 38
9 15 38
8 44 22
8 40 42
38 22 9
35 46 25
4 2 28
11 30 10
19 28 33
27 10 28
4 29 39
19 10 31
0 26 9
45 14 41
17 34 33
41 40 6
19 37 33
33 5 1
42 12 4
27 39 37
5 30 33
44 3 10
3 18 11
28 35 20
15 8 37
36 43 45
26 28 38
27 8 23
44 21 24
37 27 47
26 22 37
22 40 34
8 23 31
23 38 22
44 41 2
13 17 46
14 5 19
8 1 11
48 27 22
9 49 32
35 15 40
13 1 12
33 43 18
3 28 19
14 3 39
15 32 16
21 31 4
28 23 22
28 17 21
25 23 12
11 48 23
49 37 22
31 30 39
39 30 23
28 10 27
49 44 48
21 33 45
5 37 18
28 7 42
18 35 33
41 7 20
5 41 29
46 15 15
16 33 2
27 32 0
30 49 12
45 28 23
23 4 40
17 6 10
5 20 30
30 13 44
6 48 23
3 22 18
47 3 29
33 4 49
42 28 5
18 47 7
29 22 7
10 17 2
29 37 35
18 41 44
34 36 19
7 20 33
27 26 26
43 47 25
44 40 49
40 24 28
5 36 23
22 0 41
37 45 30
20 23 35
33 28 12
34 48 18
30 35 7
21 40 21
31 36 25
31 16 27
3 39 12
6 13 4
21 12 36
28 19 25
3 6 2
41 10 18
12 9 42
30 10 39
20 33 46
1 41 13
15 5 29
3 16 34
22 26 15
8 13 35
31 1 16
31 18 34
19 39 26
6 18 7
35 22 29
23 35 30
8 19 21
22 12 13
46 0 39
17 18 33
3 4 45
6 48 8
22 39 14
11 32 1
37 9 36
21 17 44
5 48 40
34 0 43
14 9 38
2 35 18
44 1 20
42 3 14
11 29 23
20 0 46
16 46 37
19 34 3
26 24 32
45 12 20
42 18 4
1 42 39
19 20 3
45 17 30
31 45 5
22 10 38
20 34 48
43 18 3
6 44 25
35 25 11
35 48 38
0 0 34
9 9 37
34 0 30
43 20 28
6 38 39
47 4 14
44 25 28
21 48 0
0 45 47
14 34 44
42 9 18
42 30 44
21 12 0
1 36 33
17 0 47
24 49 6
35 37 21
46 41 23
10 28 1
33 9 14
39 20 16
35 1 10
10 14 8
44 25 41
13 43 39
44 4 48
3 25 46
41 28 46
22 45 18
44 32 1
43 38 3
36 11 15
17 31 48
36 14 34
48 41 12
30 32 48
34 16 24
3 30 33
17 48 41
19 13 6
42 15 32
6 1 37
38 27 31
23 26 22
49 16 10
11 43 37
34 42 12
20 10 16
26 39 8
19 18 13
24 47 18
42 44 49
2 41 39

